A = [3 2 4;
    4 3 6;
    6 5 9];
b = [250 350 530]';

x = A\b